54,20
54,17
56,637
56,648
56,647
56,636
56,635
56,634
56,646
56,633
56,632
56,645
56,631
56,630
56,644
56,629
56,628
56,627
56,643
56,626
56,625
56,642
56,624
56,623
56,622
56,641
56,621
56,620
56,640
56,619
56,618
56,617
56,511
56,616
56,615
56,510
56,614
56,613
56,612
56,509
56,611
56,610
56,508
56,609
54,19
56,608
56,607
56,507
56,606
56,605
56,506
56,604
56,603
56,602
56,505
56,601
56,600
56,504
56,599
56,598
56,503
56,597
56,596
56,595
56,502
56,594
56,593
56,501
56,592
56,591
56,590
56,500
56,589
56,588
56,499
56,587
56,586
56,585
56,498
56,584
56,583
56,497
56,582
56,581
56,580
56,496
56,579
56,578
56,495
56,577
56,576
56,575
56,494
56,574
56,573
56,493
56,572
56,571
56,492
56,570
56,569
56,568
56,491
56,567
56,566
56,490
56,565
56,564
56,563
56,489
56,562
54,18
56,561
56,488
56,560
56,559
56,558
56,487
56,557
56,556
56,486
56,555
56,554
56,553
56,485
56,552
56,551
56,484
56,550
56,549
56,548
56,483
56,547
56,546
56,482
56,545
56,544
56,543
56,481
56,542
56,541
56,480
56,540
56,539
56,479
56,538
56,537
56,536
56,478
56,535
56,534
56,477
56,533
56,532
56,531
56,476
56,530
56,529
56,475
56,528
56,527
56,526
56,474
56,525
56,524
56,473
56,523
56,522
56,521
56,472
56,520
56,519
56,471
56,518
56,517
56,516
56,470
56,515
54,13
54,16
56,514
56,469
56,513
56,512
56,468
56,447
56,446
56,445
56,467
56,444
56,443
56,466
56,442
56,441
56,440
56,465
56,439
56,438
56,464
56,437
56,436
56,435
56,463
56,434
56,433
56,462
56,432
56,431
56,430
56,461
56,429
56,428
56,460
56,427
56,426
56,425
56,459
56,424
56,423
56,458
56,422
56,421
56,420
56,457
56,419
56,418
56,456
56,417
56,416
56,455
56,415
56,414
56,413
56,454
56,412
56,411
56,453
56,410
56,409
56,408
56,452
56,407
56,406
56,451
56,405
56,404
54,15
56,403
56,450
56,402
56,401
56,449
56,400
56,399
56,398
56,448
56,397
56,396
56,255
56,395
56,394
56,393
56,254
56,392
56,391
56,253
56,390
56,389
56,388
56,252
56,387
56,386
56,251
56,385
56,384
56,250
56,383
56,382
56,381
56,249
56,380
56,379
49,9
56,248
56,378
56,377
56,376
56,247
4294967279,574
56,375
56,374
56,246
56,373
56,372
56,371
56,245
56,370
56,369
56,244
56,368
56,367
56,366
56,243
56,365
56,364
56,242
56,363
56,362
56,361
56,241
56,360
56,359
56,240
56,358
56,357
56,239
56,356
54,14
56,355
4294967279,573
56,354
56,238
56,353
56,352
56,237
56,351
56,350
56,349
56,236
56,348
56,347
56,235
56,346
56,345
56,344
56,234
56,343
56,342
56,233
56,341
56,340
56,339
56,232
56,338
56,337
56,231
56,336
56,335
56,334
56,230
56,333
56,332
56,229
56,331
56,330
56,329
56,228
56,328
54,11
56,327
56,227
56,326
56,325
56,226
56,324
56,323
56,322
56,225
56,321
56,320
56,224
56,319
56,318
56,317
56,223
56,316
56,315
56,222
56,314
56,313
56,312
56,221
56,311
56,310
56,220
56,309
54,12
56,308
56,307
56,219
56,306
56,305
56,218
56,304
56,303
56,302
56,217
56,301
56,300
56,216
56,299
56,298
56,297
56,215
56,296
56,295
56,214
56,294
56,293
56,213
56,292
56,291
56,290
56,212
56,289
56,288
56,211
56,287
56,286
56,285
56,210
56,284
56,283
56,209
56,282
56,281
56,280
56,208
56,279
56,278
56,207
56,277
56,276
56,275
56,206
56,274
56,273
56,205
56,272
56,271
56,270
56,204
56,269
56,268
56,203
56,267
54,10
54,5
56,266
4294967278,259
56,202
56,265
56,264
